0
0
0
2
2
4
6
6
8
9
10
11
12
13
14
15
16
17
18
20
21
21
23
24
25
27
27
29
30
32
32
33
34
35
36
38
38
40
41
43
43
45
45
46
48
50
50
51
52
53
54
56
57
58
59
60
61
63
64
64
65
67
68
69
70
71
72
74
75
75
77
79
79
81
82
83
83
84
85
87
88
89
90
92
92
94
95
97
97
97
99
100
102
103
104
105
106
108
109
110
111
112
114
114
117
116
117
119
121
122
122
123
124
126
127
128
130
130
131
132
134
134
135
137
138
139
141
141
142
144
145
146
147
148
149
150
152
153
154
155
157
157
158
160
161
162
163
164
165
166
167
168
169
171
172
173
175
175
177
177
179
179
181
182
183
184
185
186
187
189
189
192
192
193
194
195
197
198
199
200
201
202
203
205
206
207
208
209
210
211
212
213
215
216
217
218
219
220
221
223
223
225
226
227
228
229
230
231
232
234
235
236
237
238
239
240
241
242
243
244
246
246
248
249
250
251
253
254
255
256
257
259
259
260
261
263
263
264
266
267
268
269
271
272
273
273
274
276
277
278
280
280
282
282
284
285
286
287
289
289
291
291
293
294
295
296
297
298
300
301
302
303
305
305
307
308
309
310
310
312
313
315
315
316
318
318
320
321
323
323
325
325
327
328
329
331
331
333
333
335
337
337
339
339
341
342
342
344
344
346
347
348
350
350
352
352
354
355
356
357
359
360
361
362
363
364
365
366
367
369
369
371
372
373
374
376
376
378
379
380
381
382
383
384
386
386
388
389
390
391
393
393
394
396
396
399
398
400
402
402
404
404
406
407
408
409
410
412
413
413
415
416
417
418
420
420
421
423
423
425
426
427
429
430
430
431
433
434
434
436
437
438
439
440
441
443
444
445
446
447
449
450
450
452
453
454
455
457
457
459
459
460
462
463
464
465
466
467
468
469
471
472
473
474
475
477
477
479
480
481
482
483
484
486
486
488
488
490
490
492
493
494
496
497
499
499
501
501
503
504
505
506
507
508
510
510
512
513
514
516
516
517
519
520
521
522
523
524
525
526
527
528
530
530
532
533
534
535
537
538
538
540
541
542
543
544
545
546
548
549
550
552
552
553
555
555
557
558
559
560
561
563
563
565
566
567
569
570
570
572
572
573
575
576
577
578
579
581
581
583
584
585
586
587
588
590
590
592
592
594
595
596
598
598
599
601
601
602
604
605
606
607
608
609
610
612
613
614
615
616
617
619
620
620
621
623
624
625
626
627
628
629
631
632
633
634
636
636
638
638
640
641
642
642
644
645
646
647
648
650
650
652
653
654
655
656
657
659
660
661
662
663
664
665
667
668
669
670
671
673
673
675
675
676
677
678
680
681
682
684
684
685
687
688
689
690
692
692
694
695
696
697
699
699
700
702
703
705
706
706
707
709
710
711
712
713
714
715
717
717
719
720
722
723
723
724
726
726
727
729
730
731
733
733
734
736
737
738
739
740
742
743
744
745
746
747
748
749
751
752
752
753
755
756
757
759
760
760
761
763
764
765
766
767
769
770
771
772
772
774
774
776
777
779
780
780
781
784
784
785
786
787
789
789
790
791
793
794
795
796
797
799
799
802
802
803
804
805
807
807
808
809
811
811
813
814
816
817
817
818
820
820
823
824
824
825
827
828
829
830
831
832
834
835
835
837
838
839
840
842
842
843
845
846
848
848
849
850
851
853
853
854
856
857
858
859
860
861
863
864
865
866
867
868
869
870
872
873
874
875
876
877
878
879
881
882
882
885
885
886
888
888
890
891
893
893
895
897
897
899
900
900
901
903
904
905
906
908
909
909
910
911
913
913
915
916
917
919
919
921
922
922
924
925
926
928
929
929
931
932
933
934
935
937
937
939
940
942
941
943
944
945
947
947
948
950
950
952
954
954
955
956
958
959
960
961
963
963
965
966
966
968
970
970
971
972
974
975
976
977
978
978
980
982
982
984
984
986
986
988
989
990
991
992
993
993
992
991
990
989
989
986
986
985
984
982
981
980
979
978
976
975
975
973
973
971
970
969
968
966
965
965
963
962
961
959
958
957
956
955
954
953
952
951
950
949
948
947
945
944
943
942
941
940
938
937
937
935
934
933
932
930
930
929
927
926
925
924
922
921
920
919
918
917
916
915
914
913
912
911
910
908
907
906
905
904
903
902
900
899
897
897
896
895
894
892
892
890
889
887
886
885
884
883
882
881
880
879
877
877
875
874
873
871
870
869
869
867
865
865
864
863
861
860
859
858
857
856
854
853
853
851
850
849
848
847
846
845
843
843
841
840
839
838
836
836
834
834
831
830
830
829
827
826
825
824
823
822
821
820
819
818
816
816
814
813
811
810
809
808
807
806
805
804
803
802
800
800
799
797
796
795
794
793
791
791
790
789
788
786
785
784
783
781
780
779
778
777
776
775
774
773
771
771
770
769
766
765
765
763
762
762
760
759
759
757
756
754
753
752
751
750
749
748
747
746
744
744
742
741
739
738
737
736
736
735
733
733
731
730
728
728
726
726
725
723
722
721
719
719
718
716
715
714
713
712
710
710
709
707
706
704
703
703
701
700
699
699
696
696
695
694
693
691
689
689
687
686
685
684
682
682
681
679
679
678
676
675
674
673
671
670
670
669
667
666
665
664
662
661
660
660
658
657
656
654
654
653
651
651
649
648
647
646
645
643
642
642
640
639
638
637
636
635
634
632
632
630
629
627
627
625
625
624
623
622
620
619
618
616
616
615
613
612
611
610
609
607
607
605
604
603
602
601
600
599
598
596
595
594
593
592
591
590
589
588
586
585
584
584
583
581
580
578
578
577
575
574
573
572
570
570
569
568
566
565
564
563
561
560
559
559
557
556
555
554
553
551
550
549
549
547
546
545
544
543
542
540
539
538
537
536
535
534
533
531
531
530
528
527
526
525
523
523
521
520
519
518
516
515
514
514
512
511
510
509
507
506
506
504
503
502
501
499
499
498
497
495
494
493
492
490
489
488
487
486
485
483
483
481
480
479
478
477
476
474
474
473
472
470
469
468
466
465
465
463
463
461
460
459
458
457
456
455
453
452
451
450
449
448
447
446
444
443
442
441
440
439
438
437
435
434
433
432
431
430
429
427
426
425
424
423
422
422
420
419
418
416
415
414
413
412
411
410
408
407
406
405
404
403
402
401
400
398
397
396
395
394
393
391
390
389
388
387
386
385
384
383
382
381
379
378
377
376
375
374
372
372
370
369
368
367
366
365
364
363
361
360
359
357
356
356
354
354
352
351
350
349
347
346
345
345
343
342
341
340
339
337
336
335
335
332
333
331
329
329
328
326
326
324
322
322
320
320
318
317
316
315
313
313
312
311
309
308
308
306
304
304
302
302
300
299
297
297
296
295
293
292
291
290
288
288
286
286
284
283
282
281
280
278
278
276
276
275
274
272
272
270
269
268
266
265
264
263
262
261
259
258
258
256
255
254
253
252
251
250
248
247
246
245
244
242
242
241
240
239
238
236
235
234
233
231
231
230
228
227
226
225
223
223
222
220
219
218
217
215
215
214
213
211
210
209
208
207
206
205
204
203
202
201
199
199
197
196
194
194
192
191
191
189
188
187
186
184
183
182
182
180
179
178
177
176
174
173
173
170
169
169
168
167
166
164
163
162
161
159
159
157
156
155
154
153
152
151
149
148
147
146
145
144
143
142
140
140
138
137
136
135
133
132
132
130
129
128
127
126
125
124
122
121
120
120
118
117
115
114
113
113
111
110
109
108
107
107
105
103
102
100
100
99
97
96
95
95
92
92
91
90
88
87
86
85
84
82
82
80
80
78
77
76
75
74
73
71
70
70
68
67
66
65
64
62
61
60
59
57
57
56
55
54
53
51
50
49
48
47
45
45
43
43
41
40
38
38
37
35
34
34
32
32
29
29
28
26
25
24
23
22
20
20
19
18
17
15
15
13
11
10
10
8
8
6
5
4
3
2
1
0
0
2
2
4
4
6
7
8
9
10
12
13
14
15
16
17
19
19
21
21
22
24
25
26
27
28
30
31
32
33
34
36
36
37
39
39
41
42
43
44
45
46
47
48
50
51
52
53
54
55
57
57
58
60
61
62
63
64
66
67
68
69
71
70
72
73
74
75
76
77
79
80
80
83
83
84
85
87
88
89
91
91
92
93
95
96
97
98
99
101
101
102
104
105
107
107
109
110
111
112
112
114
116
117
117
119
120
121
122
123
124
125
126
128
129
129
131
132
133
134
136
137
137
139
140
141
142
143
145
145
147
148
149
150
151
152
153
155
156
157
158
160
160
162
162
163
165
166
167
168
169
170
172
172
174
175
176
177
179
180
181
182
182
184
185
186
187
188
189
191
192
193
194
195
196
197
199
200
201
202
203
204
206
207
208
209
210
211
212
213
214
216
217
218
219
220
221
223
223
224
225
226
227
229
230
231
232
233
234
235
236
238
239
240
241
242
243
245
246
247
248
249
250
251
253
254
254
256
256
258
259
260
261
262
263
265
265
267
268
269
270
271
273
274
275
276
277
278
280
281
281
282
283
285
286
287
289
289
290
292
292
294
295
296
297
298
299
301
302
303
304
305
306
307
309
309
312
312
313
314
